PHX	114.52	100.10	14.42
DAL	117.83	106.74	11.09
CHA 114.06	103.53	10.53
BKN	114.92	104.85	10.07
LAL	116.15	107.64	8.51
CLE 111.01	102.92	8.09
IND	113.75	106.26	7.50
MIL 121.38	113.94	7.44
SAC	112.33	107.66	4.67
NYK	109.62	105.03	4.59
BOS	115.74	111.50	4.25
ATL	124.88	120.89	3.99
ORL	114.39	111.12	3.26
LAC	112.63	111.69	0.94
OKC	107.51	106.63	0.88
PHI	105.13	104.59	0.54
UTH	111.84	113.18	-1.34
MIA	104.61	108.79	-4.18
DEN	114.91	119.26	-4.35
SAS 110.50	114.92	-4.42
MEM	103.87	108.97	-5.10
NOP	102.30	110.07	-7.76
WSH	107.22	115.33	-8.11
POR	107.62	117.46	-9.84
CHI	101.35	111.49	-10.14
MIN	101.79	113.32	-11.53
DET 104.37	116.48	-12.11
TOR	98.67	110.89	-12.22
GSW	100.55	114.03	-13.48
HOU	104.23	118.52	-14.29